Time0
Waiting Tasks : (1, 6, 2);
(2, 8, 3);(3, 7, 2);(4, 6, 3);(5, 4, 1);(6, 5, 2);(7, 5, 3);(8, 5, 3);(9, 6, 3);(10, 7, 3);(11, 4, 2);
(12, 4, 3);(13, 8, 1);(14, 6, 1);(15, 5, 1);(16, 4, 3);(17, 5, 2);(18, 8, 2);(19, 4, 3);(20, 6, 1);
Queue 1: closed
Queue 2: closed

Time1
Waiting Tasks : (1, 6, 2);
(2, 8, 3);(3, 7, 2);(4, 6, 3);(5, 4, 1);(6, 5, 2);(7, 5, 3);(8, 5, 3);(9, 6, 3);(10, 7, 3);(11, 4, 2);
(12, 4, 3);(13, 8, 1);(14, 6, 1);(15, 5, 1);(16, 4, 3);(17, 5, 2);(18, 8, 2);(19, 4, 3);(20, 6, 1);
Queue 1: closed
Queue 2: closed

Time2
Waiting Tasks : (1, 6, 2);
(2, 8, 3);(3, 7, 2);(4, 6, 3);(5, 4, 1);(6, 5, 2);(7, 5, 3);(8, 5, 3);(9, 6, 3);(10, 7, 3);(11, 4, 2);
(12, 4, 3);(13, 8, 1);(14, 6, 1);(15, 5, 1);(16, 4, 3);(17, 5, 2);(18, 8, 2);(19, 4, 3);(20, 6, 1);
Queue 1: closed
Queue 2: closed

Time3
Waiting Tasks : (1, 6, 2);
(2, 8, 3);(3, 7, 2);(4, 6, 3);(5, 4, 1);(6, 5, 2);(7, 5, 3);(8, 5, 3);(9, 6, 3);(10, 7, 3);(11, 4, 2);
(12, 4, 3);(13, 8, 1);(14, 6, 1);(15, 5, 1);(16, 4, 3);(17, 5, 2);(18, 8, 2);(19, 4, 3);(20, 6, 1);
Queue 1: closed
Queue 2: closed

Time4
Waiting Tasks : (1, 6, 2);
(2, 8, 3);(3, 7, 2);(4, 6, 3);(6, 5, 2);(7, 5, 3);(8, 5, 3);(9, 6, 3);(10, 7, 3);(13, 8, 1);(14, 6, 1);
(15, 5, 1);(17, 5, 2);(18, 8, 2);(20, 6, 1);
Queue 1: (5, 4, 1); (12, 4, 3); (19, 4, 3); 
Queue 2: (11, 4, 2); (16, 4, 3); 

Time5
Waiting Tasks : (1, 6, 2);
(2, 8, 3);(3, 7, 2);(4, 6, 3);(9, 6, 3);(10, 7, 3);(13, 8, 1);(14, 6, 1);(18, 8, 2);(20, 6, 1);
Queue 1: (12, 4, 3); (19, 4, 3); (7, 5, 3); (15, 5, 1); (17, 5, 2); 
Queue 2: (11, 4, 2); (16, 4, 3); (6, 5, 2); (8, 5, 3); 

Time6
Waiting Tasks : (2, 8, 3);
(3, 7, 2);(10, 7, 3);(13, 8, 1);(18, 8, 2);
Queue 1: (12, 4, 3); (19, 4, 3); (7, 5, 3); (15, 5, 1); (17, 5, 2); (9, 6, 3); 
Queue 2: (16, 4, 3); (6, 5, 2); (8, 5, 3); (1, 6, 2); (4, 6, 3); (14, 6, 1); (20, 6, 1); 

Time7
Waiting Tasks : (2, 8, 3);
(13, 8, 1);(18, 8, 2);
Queue 1: (12, 4, 3); (19, 4, 3); (7, 5, 3); (15, 5, 1); (17, 5, 2); (9, 6, 3); (3, 7, 2); 
Queue 2: (16, 4, 3); (6, 5, 2); (8, 5, 3); (1, 6, 2); (4, 6, 3); (14, 6, 1); (20, 6, 1); (10, 7, 3); 

Time8
Waiting Tasks : 
Queue 1: (19, 4, 3); (7, 5, 3); (15, 5, 1); (17, 5, 2); (9, 6, 3); (3, 7, 2); (2, 8, 3); (13, 8, 1); (18, 8, 2); 
Queue 2: (16, 4, 3); (6, 5, 2); (8, 5, 3); (1, 6, 2); (4, 6, 3); (14, 6, 1); (20, 6, 1); (10, 7, 3); 

Time9
Waiting Tasks : 
Queue 1: (19, 4, 3); (7, 5, 3); (15, 5, 1); (17, 5, 2); (9, 6, 3); (3, 7, 2); (2, 8, 3); (13, 8, 1); (18, 8, 2); 
Queue 2: (6, 5, 2); (8, 5, 3); (1, 6, 2); (4, 6, 3); (14, 6, 1); (20, 6, 1); (10, 7, 3); 

Time10
Waiting Tasks : 
Queue 1: (19, 4, 3); (7, 5, 3); (15, 5, 1); (17, 5, 2); (9, 6, 3); (3, 7, 2); (2, 8, 3); (13, 8, 1); (18, 8, 2); 
Queue 2: (6, 5, 2); (8, 5, 3); (1, 6, 2); (4, 6, 3); (14, 6, 1); (20, 6, 1); (10, 7, 3); 

Time11
Waiting Tasks : 
Queue 1: (7, 5, 3); (15, 5, 1); (17, 5, 2); (9, 6, 3); (3, 7, 2); (2, 8, 3); (13, 8, 1); (18, 8, 2); 
Queue 2: (8, 5, 3); (1, 6, 2); (4, 6, 3); (14, 6, 1); (20, 6, 1); (10, 7, 3); 

Time12
Waiting Tasks : 
Queue 1: (7, 5, 3); (15, 5, 1); (17, 5, 2); (9, 6, 3); (3, 7, 2); (2, 8, 3); (13, 8, 1); (18, 8, 2); 
Queue 2: (8, 5, 3); (1, 6, 2); (4, 6, 3); (14, 6, 1); (20, 6, 1); (10, 7, 3); 

Time13
Waiting Tasks : 
Queue 1: (7, 5, 3); (15, 5, 1); (17, 5, 2); (9, 6, 3); (3, 7, 2); (2, 8, 3); (13, 8, 1); (18, 8, 2); 
Queue 2: (8, 5, 3); (1, 6, 2); (4, 6, 3); (14, 6, 1); (20, 6, 1); (10, 7, 3); 

Time14
Waiting Tasks : 
Queue 1: (15, 5, 1); (17, 5, 2); (9, 6, 3); (3, 7, 2); (2, 8, 3); (13, 8, 1); (18, 8, 2); 
Queue 2: (1, 6, 2); (4, 6, 3); (14, 6, 1); (20, 6, 1); (10, 7, 3); 

Time15
Waiting Tasks : 
Queue 1: (17, 5, 2); (9, 6, 3); (3, 7, 2); (2, 8, 3); (13, 8, 1); (18, 8, 2); 
Queue 2: (1, 6, 2); (4, 6, 3); (14, 6, 1); (20, 6, 1); (10, 7, 3); 

Time16
Waiting Tasks : 
Queue 1: (17, 5, 2); (9, 6, 3); (3, 7, 2); (2, 8, 3); (13, 8, 1); (18, 8, 2); 
Queue 2: (4, 6, 3); (14, 6, 1); (20, 6, 1); (10, 7, 3); 

Time17
Waiting Tasks : 
Queue 1: (9, 6, 3); (3, 7, 2); (2, 8, 3); (13, 8, 1); (18, 8, 2); 
Queue 2: (4, 6, 3); (14, 6, 1); (20, 6, 1); (10, 7, 3); 

Time18
Waiting Tasks : 
Queue 1: (9, 6, 3); (3, 7, 2); (2, 8, 3); (13, 8, 1); (18, 8, 2); 
Queue 2: (4, 6, 3); (14, 6, 1); (20, 6, 1); (10, 7, 3); 

Time19
Waiting Tasks : 
Queue 1: (9, 6, 3); (3, 7, 2); (2, 8, 3); (13, 8, 1); (18, 8, 2); 
Queue 2: (14, 6, 1); (20, 6, 1); (10, 7, 3); 

Time20
Waiting Tasks : 
Queue 1: (3, 7, 2); (2, 8, 3); (13, 8, 1); (18, 8, 2); 
Queue 2: (20, 6, 1); (10, 7, 3); 

SIMULATION FINISHED
Average Waiting Time : 22
Peak Hour : 8
Average Service Time : 2
